1000
(870225418,553876836)
(449528702,1542205827)
(927345732,2009077730)
(1716767403,1583990942)
(1120950068,973874444)
(535747010,1444973958)
(387674862,1301719771)
(1954690192,704457232)
(1067347723,989307055)
(488091183,394738091)
(2031421864,1922918942)
(1443825425,1318372130)
(85963634,898385682)
(1636181201,283601030)
(1051996804,1832074802)
(462536389,149480686)
(184828608,1886977120)
(665839128,1275940996)
(1136669856,658291703)
(553378775,1129810131)
(2106041206,518268064)
(459019755,2082264116)
(169346046,1651423597)
(1723356849,2116389607)
(50424054,428062440)
(528833895,1960891492)
(250713852,1552019081)
(1811025383,947161175)
(154935542,1422894247)
(1715953815,819899174)
(48288108,1284367563)
(829646258,1931248570)
(1314364227,250667146)
(1812783579,1804751493)
(1210966590,1186053825)
(630390558,590256321)
(25341164,2116129789)
(1897823104,1708581753)
(1303489603,1100281499)
(708375030,1559272902)
(1203280901,965210195)
(610174538,349770938)
(1092241728,1891836975)
(812580780,1476104401)
(210564003,862709878)
(1782207305,1342153272)
(1186833996,726089602)
(1674756340,1200631747)
(311709696,1852903915)
(1874598068,174989263)
(208138936,641793167)
(696356710,1109440740)
(397255648,1751506965)
(1952629677,1145032650)
(617557696,1571139201)
(31066271,968745501)
(1590805049,364483657)
(1011643093,1915270482)
(414412203,1299044136)
(891201695,688290558)
(1378961749,87683071)
(1862721954,1625679151)
(203830313,2098325163)
(681257737,1483881590)
(1155587332,1943506442)
(1651126457,1345421859)
(1068869168,1826518148)
(476900212,1214456782)
(2027064415,598189606)
(358418418,1062797606)
(1623144811,1356177345)
(1031630550,1819553806)
(1519313950,1216610990)
(164297893,801298403)
(1712774295,1258263898)
(49976137,654002805)
(1607750080,1120031145)
(2094232155,519174572)
(430474341,984454158)
(909320628,1447251178)
(1086443632,1722632270)
(1574378730,47913441)
(991037584,1593938204)
(1463672025,2053212078)
(882483655,1454980879)
(1060407603,1731559800)
(1546296174,53720396)
(2025607168,520083086)
(1436447377,983712690)
(1935832759,395457965)
(263615427,1924275283)
(1824642526,1323656896)
(1232407277,716385473)
(631314241,99415295)
(51404529,575446046)
(1604013260,1035306431)
(1019124216,434470076)
(1507407069,1982923085)
(911877240,295513532)
(1403856750,1842636093)
(1880031202,1228712146)
(226886421,1706338473)
(1472053557,907413860)
(885723882,1376833794)
(298999701,774709513)
(766236586,148362606)
(1253497597,1694389777)
(668349092,1095766943)
(1160563049,1568773124)
(579891448,970276794)
(741001300,1233628701)
(1235076781,636672848)
(638697376,27357824)
(54572373,497071767)
(1610876870,963561960)
(2093005366,354294073)
(431726042,824235324)
(1694140561,42938285)
(1090489068,496158737)
(502823126,964132983)
(2054522504,350151854)
(394660341,818726812)
(575586314,1105271788)
(1058593508,495860448)
(1541082224,963522762)
(952421475,1431397936)
(1129906841,637958940)
(545236166,1108346558)
(2103071006,1569928955)
(446261784,2050865052)
(1996466585,358547624)
(1413287698,835274093)
(1595296634,47734423)
(1003076921,505602218)
(401882424,965669908)
(1961608598,361928510)
(4545897,1727348827)
(484894731,1115212509)
(2032682130,503532761)
(1145384039,785994734)
(556409369,1258039654)
(1047802396,655834227)
(454114956,1121319856)
(633849622,1402555693)
(1119259949,1868892974)
(527655894,188817752)
(2078665571,649377387)
(1487384713,38200138)
(904963709,1588887307)
(1383946990,2047032357)
(809885422,386034857)
(1282873987,847584947)
(1770893098,242923659)
(98240864,1772889561)
(586516432,1172541553)
(2142808471,559568838)
(183343341,854559373)
(663956063,244433572)
(1144045073,702920143)
(254644142,2067056093)
(1802245075,374271510)
(151258732,857531886)
(629097956,1314596000)
(1102956625,697636692)
(521956106,100920801)
(1007097796,569493777)
(1196355130,1932575101)
(595834705,244325624)
(6770899,711677253)
(1562160623,102218501)
(2049243874,572903948)
(1465393175,2121302917)
(565398451,1317138176)
(2120809839,713377803)
(1538332206,113377724)
(2023602214,581273297)
(353031795,1044814851)
(839179152,1511992563)
(256664816,1984343641)
(732115109,1367575684)
(1222784685,771199950)
(1399430274,2123185048)
(808261952,1513787808)
(214721671,1980180505)
(1478464124,1192930443)
(1953756707,578742243)
(1369086977,1052572407)
(1858653093,1525117660)
(178721643,1975947629)
(380162683,131088961)
(1932748537,592730417)
(1339853620,1055706353)
(1815975507,1519591598)
(2001502015,729916494)
(344429794,131529945)
(1894543616,589398428)
(1306145381,2132691273)
(714423303,447911386)
(1196601702,1985806061)
(1687180637,315722532)
(1090197208,773711843)
(1580027548,176298961)
(2056716152,1711036193)
(1478851323,40451524)
(880735841,501367126)
(1365015382,967980451)
(771165669,356682999)
(182118391,1899000048)
(674675402,1302242203)
(382073896,1947841194)
(862399959,1337753332)
(1362024845,1824341318)
(459440904,1020717791)
(2021038953,416620844)
(355542482,1955321444)
(1152799535,1542651351)
(1636137665,936790579)
(1031380600,1391184868)
(443667729,787125343)
(934065660,1260339754)
(645603007,836723101)
(1125299383,1299862868)
(1618826417,1782284480)
(2104505205,101575224)
(737720172,743557008)
(1220283246,1213460418)
(633442253,1682728471)
(1119338730,1076787584)
(536313791,478269330)
(2088821561,938711646)
(735280422,522723103)
(137200504,2060295435)
(1698772458,1456332901)
(1112048919,1925010913)
(526064145,251310095)
(1306027821,898670961)
(713302725,285047738)
(1197856490,753086425)
(1672481383,140948298)
(1398982764,807998652)
(1875231048,1266792438)
(1293289198,1744073720)
(1785764301,66792863)
(104610034,517720375)
(592805818,991090656)
(1380180148,568166683)
(793138939,2113148738)
(1282267395,1511395395)
(699515831,1984415975)
(1183056343,308443503)
(1960860640,949066020)
(1373985242,1422286314)
(1851897753,1884683690)
(185004820,1270407947)
(2052222185,857172260)
(1459173259,1319631477)
(883255269,1802151850)
(1358424716,1191249013)
(772302592,585497953)
(178992006,2123797168)
(978114606,638444037)
(1452831669,1101698345)
(866926674,1571019904)
(1341754474,2029910102)
(2138171923,1613332264)
(1540910155,1001443802)
(951651850,1467987722)
(363951331,867029496)
(857212482,1343111962)
(1643169743,1993562814)
(1052933621,310162550)
(453098535,767536373)
(939547984,163265940)
(1427754907,636577383)
(841734891,1109371144)
(546885092,680581409)
(1031178186,1148217137)
(1513978532,1614748474)
(930974747,2092068134)
(343295086,1483793009)
(1898361839,1952067937)
(235577120,271216580)
(1029748937,2000507695)
(427416311,1385587700)
(1989018132,1855496206)
(1405740879,1255139584)
(1885203793,643340478)
(218585148,33306221)
(1017765785,697942049)
(1499368168,88831720)
(902575519,551266346)
(1389168477,1023525816)
(27031424,1676516961)
(1593236714,2891458)
(996697200,1535637346)
(411690783,2005453117)
(1962237608,1394169762)
(602532820,2053209067)
(14768968,1445352939)
(500776132,840246888)
(2072911082,248193361)
(403339504,708177306)
(1952650536,1165991931)
(287291455,557996498)
(780172300,1034729354)
(1263296859,1501017431)
(2045379038,1073112713)
(387532042,1551159840)
(860011094,932921076)
(1348694191,331443495)
(756526983,1870206172)
(171600317,195222386)
(2034515358,1923251935)
(372207785,241414460)
(858512630,711676992)
(1336124698,1172644311)
(1827238205,578723643)
(472650225,160828280)
(2022232630,618643451)
(368373522,22535349)
(845473361,1555065192)
(254092784,2020289333)
(2104449272,1593436937)
(1527761028,2072728007)
(935802446,1464845542)
(344848701,855979328)
(1908233740,253678691)
(1621757220,909120548)
(2089348337,1362803879)
(442343177,771270465)
(926601571,162005764)
(338593333,633433845)
(1121326742,202220083)
(537997572,1755086376)
(1006745831,1135963050)
(1496038005,1606984417)
(905973692,999941077)
(620202571,581319315)
(1110289835,2125998065)
(515385105,1515966115)
(2073556590,1981025444)
(417194435,1386856409)
(1194061557,953232369)
(608992164,351408521)
(1099184439,824830279)
(507565961,213803187)
(1295862622,1945514896)
(701536594,257818562)
(1187556732,731584026)
(1668306761,1196206743)
(1083901128,594531742)
(1566205816,2132812596)
(209144183,1713854016)
(695452456,1108497051)
(1173515633,1572550664)
(1658604728,2039962721)
(1066876213,359068371)
(787824220,2092571940)
(201090156,1487164257)
(677206650,1948223957)
(103086137,283816673)
(575576455,741091605)
(296253190,1401981892)
(772924937,789604712)
(1250653394,1245689664)
(1733318888,1711955129)
(1152194436,1114405544)
(562098718,1587930805)
(1046070123,979040143)
(1526635482,1442736451)
(937418581,834096730)
(1426791743,232348246)
(70111374,1963176396)
(551019192,1356460986)
(1035080666,749919060)
(438419003,136157530)
(923740622,598723391)
(1712404242,184822321)
(49065661,1724674188)
(1604153715,1120600449)
(1018646753,517554547)
(1497707462,2050712312)
(1217346006,563376961)
(1694300847,2096309542)
(1110038502,421474471)
(531896783,1976209211)
(2081070694,1361419849)
(1801766367,2022501021)
(129122373,1403793467)
(1696019344,805638517)
(1107621838,1276583698)
(521914485,1747350578)
(1305921895,251389481)
(1784527935,714869915)
(122949937,1182419976)
(595086089,565131577)
(11201877,2110139333)
(1874140029,1692355483)
(218739172,1092265891)
(698840181,486361383)
(103829657,2020182880)
(594321490,346933176)
(302710765,2069202458)
(789217860,389056978)
(1278493323,858951248)
(689584159,1328017475)
(98388044,723008752)
(875652015,1368338617)
(290146204,764322702)
(1847820626,1233271075)
(186240765,1697921991)
(1756737754,1106672280)
(383947567,674018268)
(868429314,69752721)
(1349363866,1607077661)
(766108741,1005594489)
(1552288182,583242497)
(964235706,1050592954)
(380243276,1529220376)
(1926697499,1985600838)
(266962389,1382667967)
(747595131,1846138539)
(1230487134,1234434758)
(649803234,637103527)
(47917768,1097799975)
(846618135,686569606)
(1322305558,72843634)
(1812330588,1619693952)
(149302240,2082994957)
(636235715,409025946)
(48495447,881189787)
(831590849,1526108686)
(239372614,1991570255)
(1799144364,314339444)
(137217608,781172874)
(627092273,180657175)
(1406823326,1903558364)
(1893050486,1297746288)
(1297077070,688650653)
(711671396,83737562)
(1198337608,552580167)
(606342628,2093656954)
(332899167,1686062125)
(805906456,2142256982)
(1290009680,463187194)
(1767248499,921793290)
(1493011264,516565500)
(631859991,323869765)
(88400155,335338438)
(572826497,801006849)
(2118293630,185160377)
(158063322,472717875)
(631097349,2001267028)
(352733166,1589975412)
(1916828675,2060225091)
(1318548001,1448747545)
(727906892,1914002810)
(1223159267,1323008911)
(927526734,1966362339)
(1408116315,279957313)
(830744383,757908957)
(234869550,147376513)
(717659997,612606905)
(427555145,189431546)
(1989725283,1733811597)
(331937636,63784398)
(818187130,1600999459)
(223699921,2068065276)
(1782103038,1460871429)
(1493686627,1038777524)
(1976072336,1505919783)
(1384756367,895286491)
(1879405064,1370341493)
(509997255,2017153513)
(2075568031,1421286471)
(407478658,811790569)
(887031620,200198170)
(305177947,674813346)
(1090500364,1322497289)
(505573211,1797642265)
(2065168159,119227264)
(1462774339,1647417757)
(879306837,2121261039)
(287851483,438745084)
(10067381,1100369043)
(1560047274,1560505514)
(980546051,967898233)
(1452056720,350331965)
(96717921,2076286794)
(1651864552,1467013143)
(2139910872,1939045401)
(1544870317,1329168265)
(964521175,733100812)
(1752027923,309882481)
(1170060679,1858800866)
(1639982302,165009403)
(1054118207,634872967)
(461208868,1099654389)
(1248898554,683534794)
(1742015445,82415874)
(1146181915,545284596)
(1626209624,1009975968)
(2113609597,405460748)
(750937542,2133475892)
(1238975936,455530353)
(1733098837,931588191)
(1136275570,1388827717)
(541618077,780267016)
(259004302,361380290)
(736920345,1899794460)
(1222438529,218575010)
(1717839380,1770877224)
(54319251,1164252816)
(841488881,746498600)
(1320041355,137448761)
(721475004,592186662)
(135331211,1065449468)
(1701043734,466445992)
(337702857,38551661)
(829659544,518931224)
(238663678,2056085465)
(1791274707,374020413)
(1190559418,824790645)
(1687762904,1306794962)
(31223818,1781964538)
(815058421,282923279)
(1303223097,1832235786)
(699891800,137866961)
(109702215,604258959)
(1664401946,1067879823)
(1080745110,1540557582)
(497208282,2016925955)
(2047748335,1402216379)
(1765439193,2061694164)
(1944487963,1263707915)
(588177080,1921344429)
(1084633355,1329600718)
(488492543,1787914091)
(964911031,1175856596)
(369012839,1635478385)
(85912937,1219834080)
(577351743,618835538)
(1059233536,1085682586)
(473799692,1555988520)
(2026171653,2015109152)
(671201305,1605432231)
(1136791034,981986738)
(557029647,1456491520)
(1043535813,853044323)
(1835156970,1509064728)
(177541204,910776527)
(1724843701,290852210)
(1134284273,763242262)
(1628270035,1234067056)
(2109874082,628234605)
(1524399505,1096761535)
(153483161,664973868)
(1724640603,1150028688)
(54204014,538436529)
(537245786,1006928350)
(1020428557,1470927394)
(423706672,1930076214)
(914099425,256535404)
(1389869897,1788762232)
(805875807,1189980528)
(1591341034,1838885232)
(1008579291,165599211)
(1495870433,1712327648)
(1978518578,1101206635)
(317586339,500166141)
(25802120,1146940630)
(514028339,1618342265)
(1002661292,2090002364)
(1485661462,411196450)
(899535097,1954477085)
(1374702356,264082501)
(1092622551,926785504)
(1567124801,306634076)
(2054422162,777384027)
(1468165996,175436715)
(1175234152,1894703651)
(594082824,1297567600)
(1077847318,692316812)
(1562581298,86468255)
(2036359557,539356185)
(685818575,1205654962)
(1170043694,1675520151)
(1649969404,2137192148)
(2143824715,1541784687)
(1556109715,2005511690)
(956806092,1398636631)
(363949841,1858918896)
(851931972,1257487454)
(261697050,648357382)
(742470769,1110757700)
(1537941595,1772249077)
(2018150564,90676050)
(359581434,563809785)
(1914630282,2102034540)
(247171554,416219764)
(1042810258,1078574892)
(1523990843,1540492174)
(936656336,940032121)
(1408644362,1393897341)
(827958084,795116372)
(242835631,197838225)
(1800887234,659746828)
(902912486,940028813)
(308999292,1400314669)
(26249232,2064022688)
(515189333,1458679887)
(989926439,841431794)
(401065356,238537959)
(884715991,703400222)
(1692121732,48971608)
(2011683568,1076146277)
(2023438145,840047093)
(993251780,630826531)
(226837862,571188903)
(253668953,344478444)
(1341705112,107047979)
(582537814,49280375)
(1684052425,1973710402)
(1702001797,667161710)
(2024147898,621922703)
(2045868463,387090470)
(1295558467,346532749)
(240034554,1188959374)
(1327637077,2021329211)
(1644403137,897979155)
(594869754,666098002)
(1683728952,1506584731)
(933960488,388585608)
(2031553701,1231747702)
(207769691,1189293555)
(1305603921,2034714678)
(1318914436,722204769)
(557540292,663568036)
(1650805213,434325380)
(600251854,204445680)
(1997092567,1235313526)
(949172670,1007118000)
(190643694,954538743)
(222824924,734016228)
(1297609385,1558047969)
(1626598077,443435367)
(1646290323,1284778783)
(1665124593,1051201421)
(926688543,2091607252)
(2007742703,778939677)
(2023753952,539533833)
(1273108133,1567656413)
(215511274,256904393)
(1302337891,20700075)
(1632241385,2127326085)
(1648484578,1891892616)
(1670104782,1662930502)
(922604464,1621339521)
(2002806593,1375225897)
(186977867,259496726)
(1263518281,15266337)
(224585173,875124696)
(1615081201,818506939)
(566608696,1669344261)
(586727862,1437723190)
(1980419149,1386780501)
(1996500584,80889673)
(2022828088,924264317)
(196532983,1952730591)
(1276159204,1705640301)
(232124637,1484555308)
(552663629,364085729)
(569022424,1204058588)
(1658321805,966052644)
(907550056,1996416579)
(928534932,690494240)
(2016662925,448884167)
(1266504385,1480847097)
(1294833999,1254746211)
(1614802248,1209173440)
(563042163,977555433)
(581359032,1818139161)
(890529498,686634517)
(2003205268,475601297)
(939726628,1305734854)
(178418048,175952741)
(205355079,1024302575)
(530582806,2054030273)
(1622653284,745674945)
(1634754655,508038449)
(882260820,1536257424)
(910600827,1308317150)
(1218172207,174254742)
(170613380,1025881067)
(197469486,1875200948)
(511403842,744342169)
(543550225,525970160)
(1619345069,1348168987)
(1951904311,1312861010)
(888078955,2140162322)
(1209635544,2099291133)
(165067649,799815942)
(1254340504,1635860090)
(1573031960,1588207203)
(1594178458,281873282)
(1607132858,48689110)
(859610109,3607891)
(1952502259,843344055)
(895382343,607769873)
(152188957,571043493)
(1245534968,1413037615)
(1254429052,1169191922)
(519247359,64780974)
(1592878991,887562208)
(544095524,665551813)
(867190784,615877383)
(1959537299,1459060803)
(1207516480,337222182)
(1229541124,108265710)
(171136280,2015411316)
(497517495,896925271)
(1581898292,1733021139)
(1606374477,1508281587)
(1927416586,1459200290)
(870685671,1225023666)
(1962027181,2065795219)
(1218241589,2026029629)
(153639203,707904139)
(484205379,671841691)
(499684320,433390427)
(518860958,202400194)
(1911430935,150605326)
(1937429713,2075676190)
(106558303,2022871374)
(1203603269,1792999093)
(146831789,1559059978)
(1547511760,440605592)
(486710723,1281692451)
(508500155,1050995262)
(1900058789,999205612)
(1922541078,769852079)
(869794017,1607326823)
(124089442,1569182393)
(130892403,1323022521)
(1234647454,1105258782)
(480276317,1057097013)
(490532255,1889679901)
(510169779,578176350)
(828931297,1607812146)
(1933788963,1381589329)
(871501047,1145188242)
(1193935170,1097582433)
(1210796002,862579905)
(463251402,821633641)
(1555831553,1661667712)
(504159822,1431481509)
(821603719,308156688)
(841761088,1147928837)
(862067825,917834985)
(104134136,866140773)
(136333588,1719776564)
(448363060,1664301055)
(471269266,1432590167)
(481711938,1190748620)
(1883113786,78545650)
(1902311886,1990040511)
(1920486472,1756745757)
(1173594546,644803960)
(1186347149,1479246029)
(1510123137,359910489)
(1528696203,1200442754)
(476133860,969273164)
(789837981,1988824619)
(821771217,1766290305)
(837778631,457990776)
(1921973289,220183380)
(1179772737,182967816)
(1201228647,1025524107)
(1514438394,967914059)
(457068466,1808384321)
(481494010,505902003)
(804319511,459284443)
(1901182883,231626461)
(1911932779,2141217197)
(1173091248,2106145248)
(1180069886,787848563)
(1510712621,1823248746)
(1521359346,1581291505)
(468366893,1347560143)
(796265484,232594684)
(805283689,1065341627)
(825951306,1910680203)
(1152174818,795073075)
(102591018,1642679715)
(1491571221,510355810)
(1507076936,275195000)
(1525668957,40768942)
(477164152,1962508577)
(1871088841,838095856)
(1892041606,1684982636)
(1912630577,381006366)
(79155215,1402113187)
(111092395,103823993)
(1496207779,47717004)
(443113962,1965035552)
(1535006311,655986455)
(790162142,617980424)
(794876129,1445232217)
(829525395,152763862)
(1144706797,1174423146)
(1161225756,935990880)
(412132288,892544262)
(421714601,1725609235)
(1521055575,1500685561)
(1844984702,1456140424)
(797275227,1230616864)
(1883978821,992678630)
(51678570,2011380668)
(74226110,1777730505)
(393219227,1730717558)
(1486900297,423924929)
(437889412,202197554)
(1827343042,1218215290)
(1857030226,1000129764)
(804681939,770943849)
(1123708699,1793814019)
(66148122,480766273)
(76112819,239295043)
(1482883836,202049334)
(1494893532,1038757219)
(443569706,811423105)
(1840973666,765234876)
(779565734,1601383919)
(1098916323,477500342)
(50015869,247689980)
(1141679994,1085509702)
(395417087,2121359037)
(1486807478,815537253)
(426365084,1650528878)
(756986269,1608988926)
(1843263692,1369626156)
(16257941,1326955401)
(1107991226,11128225)
(1131218540,862380303)
(1456229326,1889608365)
(1474108685,587191714)
(419403937,352274434)
(1822897367,1389568445)
(762994845,1148294151)
(1074973964,15912942)
(1104592482,866472428)
(45739928,1704244668)
(1440493210,585159315)
(1458218704,354112032)
(1471599614,1192334967)
(1800611962,76030558)
(746325410,916184334)
(1071830741,1942475921)
(14874698,1708670061)
(1105504444,1474780442)
(42265228,160250491)
(1443570773,1192840749)
(1461119341,2033154297)
(419480915,741232397)
(729654941,680943194)
(1814420746,1514215733)
(779444226,225926358)
(1093512600,171990907)
(36364217,1011323062)
(1433782824,2039260652)
(1454186735,1811669696)
(1471661481,500724559)
(1788575150,447062390)
(736007488,1290559485)
(1834727846,1062757891)
(1969806,1013913089)
(1100174069,784271050)
(1113677591,1617387242)
(357963914,496606018)
(392160976,1351912354)
(699019164,216002942)
(1802541881,2142124004)
(745292356,829665605)
(1065127339,785462615)
(10788233,550666143)
(34934398,1396722028)
(348606582,271824715)
(1451137118,45077547)
(689231918,2134625873)
(1786962024,1906105133)
(738804201,1682382534)
(1050748701,1625257019)
(9905293,1411792024)
(1394326503,275870799)
(337867861,1118465867)
(1431464119,883982082)
(681347703,837100495)
(704377380,606929248)
(719988725,372333310)
(1047672922,1405522674)
(1059775404,92127341)
(319770146,56214013)
(1401081784,887687409)
(350881315,659942947)
(1738155390,1676854388)
(686439415,1446570975)
(702143872,136793763)
(1023833254,1165308232)
(1047251009,936983141)
(295298030,891291833)
(318843031,1734301864)
(333476571,426438701)
(648843911,367033191)
(1745355578,1214455829)
(706710273,1000925136)
(1019607799,2018570658)
(2113184942,1787247169)
(1365542599,1743143747)
(1378773806,428592351)
(321946841,197048107)
(637076117,1216373275)
(1740726834,2064293402)
(1756723715,1832044501)
(1005341984,1783513716)
(2104960621,1563604669)
(2120305300,1325413087)
(290792247,1274118311)
(308621931,2114165432)
(1391986218,1870418800)
(647378500,1827690538)
(1742322447,1598379692)
(1756502595,292185861)
(2084163929,249481655)
(2100625807,16240228)
(271618316,2111199063)
(1361890625,799552546)
(1393629485,1654977027)
(639155771,531195264)
(1732216964,1371346237)
(983555449,252741145)
(1002087978,1099699077)
(2093433946,862587626)
(1341783383,1888076650)
(1360943139,1654926364)
(295636479,341653872)
(621162822,1371610848)
(1718815724,1143416828)
(662411285,1983062886)
(989948447,870417163)
(996490854,623510307)
(2099755737,1473114756)
(1338506008,1416123061)
(1357876871,1183774659)
(1383217287,2035530822)
(630234613,1987586468)
(639781030,668575390)
(1748129035,451074959)
(985337506,1466724193)
(1019693358,178556453)
(258009671,1191677754)
(270836769,2028330201)
(1375644046,1805413593)
(616690129,681572646)
(643655504,453662076)
(659897166,222753786)
(2056775898,177346811)
(2076179201,1014932442)
(1015912555,777776946)
(256748824,723288139)
(288786186,503907263)
(605844762,452904282)
(619838930,214819777)
(644021040,2134175364)
(2035591156,1011051004)
(990109697,785302561)
(1001152375,1620111363)
(254482104,1577982770)
(1345331356,266462415)
(294970192,1115020937)
(612038604,1060263860)
(632987976,835606586)
(1727000963,603395213)
(2043600208,1621993977)
(993022907,318472287)
(998204807,75800428)
(1334636844,1116968665)
(271417592,1948970178)
(1366934364,1719269943)
(621050895,605803851)
(1305272051,46084742)
(237765920,1949130464)
(1340087099,652422982)
(585498241,601733633)
(602533253,1441925833)
(621137803,1211025731)
(2023841584,1168426942)
(958541417,925265355)
(208939437,1951227931)
(237479855,657798804)
(1314977263,1485805222)
